67
188 67 199 67
188 86 199 86
188 97 199 97
188 124 199 124
188 144 199 144
188 157 199 157
188 162 199 162
188 174 199 174
188 179 199 179
188 208 199 208
188 209 199 209
188 215 199 215
188 220 199 220
188 246 199 246
189 26 199 26
189 33 199 33
189 48 199 48
189 50 199 50
189 64 199 64
189 71 199 71
189 73 199 73
189 79 199 79
189 90 199 90
189 137 199 137
189 156 199 156
189 159 199 159
189 163 199 163
189 184 199 184
189 186 199 186
189 230 199 230
189 245 199 245
190 14 199 14
190 21 199 21
190 60 199 60
190 78 199 78
190 95 199 95
190 107 199 107
190 143 199 143
190 171 199 171
190 185 199 185
190 234 199 234
190 237 199 237
190 247 199 247
191 3 199 3
191 20 199 20
191 39 199 39
191 52 199 52
191 89 199 89
191 118 199 118
191 130 199 130
191 138 199 138
191 148 199 148
191 149 199 149
191 152 199 152
191 154 199 154
191 178 199 178
191 198 199 198
191 217 199 217
191 226 199 226
191 239 199 239
191 244 199 244
192 34 199 34
192 177 199 177
192 182 199 182
192 183 199 183
192 216 199 216
