500
0 2612 2216 8124 8587 3733 4305 8791 3791 4497 4298 7788 
1 5759 3029 1599 5937 1996 8604 7853 4003 4010 5483 4787 2666 
2 7238 5000 9345 2334 6255 4508 4298 8526 1745 4619 6584 
3 4762 282 7145 7655 6927 6970 2784 2821 3459 1332 1745 7296 
4 5357 40 3309 130 4536 9993 9683 7328 3617 4466 6888 9377 7429 
5 9497 8107 7467 3663 2357 962 2563 7834 6298 2509 6877 5373 2685 8293 
6 5979 705 1575 565 6061 3730 5521 9825 6023 5749 4707 7765 2483 4958 6986 
7 9205 4887 2641 1748 6571 2269 3487 2045 9564 6935 8726 4494 5451 7751 
8 4930 8802 7548 9100 3925 8487 1452 2293 654 7997 4125 7646 5663 5689 2209 2422 8994 8125 
9 7994 5042 622 1320 4775 8818 2299 9427 6009 6114 7364 7349 
10 1286 8383 114 5205 1778 6753 3122 9852 6173 8520 5981 980 5668 2340 
11 7089 7094 5833 5225 3986 4518 337 9580 3940 2739 7200 
12 5562 2546 3073 2300 237 5363 826 4353 9002 441 6550 76 8193 
13 623 4141 1089 5394 4732 2110 6049 6288 1229 1870 4501 
14 2675 9572 570 7973 1535 2435 3157 4562 2271 8398 8134 3885 6134 
15 4765 322 8877 4430 5405 294 3761 2182 2320 4620 8028 2652 7829 730 4151 4029 5451 9139 
16 7390 588 6340 4776 3712 5488 4336 4440 4151 8404 6833 3113 
17 596 9888 1123 9550 7643 2717 6151 3720 9695 9456 3412 5543 4399 
18 3646 4083 5479 9465 9202 6032 4626 3268 7819 8712 9703 8741 3917 7815 851 5921 8005 
19 3321 9277 6907 5274 6696 3371 4485 3947 573 1133 2782 2003 9129 
20 8639 2484 5602 3359 9796 1854 119 2676 3020 2771 7782 7732 
21 2362 8537 4524 9263 5262 4404 8313 1795 7140 1101 2618 2760 8049 4433 1429 
22 3173 7735 1764 1210 1027 2789 7286 8048 3491 
23 12 2574 462 3790 4960 7585 1990 5420 9009 504 1247 8754 3165 420 
24 6196 9614 5768 6562 5722 454 2397 2581 5310 9126 488 7669 
25 994 3571 7294 7098 2940 9006 1408 2037 5721 2281 7845 
26 4283 3879 6785 2388 859 3836 9385 3898 24 4466 9339 5580 3231 6187 
27 1485 5643 8268 4525 4175 7538 6376 3123 4662 8807 8273 569 3122 4244 8830 8290 1328 5412 
28 3585 4495 9054 1113 5262 8205 4204 909 8160 4094 5341 1429 1125 1731 
29 6907 7902 6719 5136 2743 7167 9793 9881 2665 5925 4207 7706 
30 2506 3272 363 3971 9742 2373 3788 9350 2138 8284 9374 
31 509 9249 307 853 7300 7710 2094 6791 591 8228 5887 5438 
32 2971 3498 9314 5478 4068 749 8813 4626 8197 4471 1235 7473 6175 6532 7163 
33 6806 4514 7468 94 570 6664 5048 200 3367 5242 3393 7063 8396 3630 
34 5380 3986 5413 9630 7725 3360 373 4176 730 6485 4606 4451 5372 2392 2771 
35 5866 672 8970 8139 6686 6845 9074 350 6948 9828 8269 9244 
36 1511 4417 7929 7802 3124 9322 9796 3881 2309 6359 374 
37 2507 4921 8187 4979 9884 9367 11 3589 7258 3687 8411 1986 
38 4316 9165 2763 8065 6039 678 1945 7162 5219 8619 7893 1382 9091 
39 2159 7033 2016 9446 6932 807 7144 7258 5314 2205 2589 6198 1534 
40 2809 3877 2428 8506 4371 7985 9806 8573 4022 3917 9281 9246 7477 4210 7845 
41 5113 1491 5060 4211 2054 5523 7722 3339 7264 6753 9352 3686 1630 3731 
42 2924 7832 8593 2352 373 2411 6268 3488 814 569 3515 867 5009 8599 
43 5594 9719 3728 125 7099 5937 753 5735 7084 2268 7920 6277 199 6632 4423 7136 6331 
44 2944 7433 7394 9212 5455 638 5383 6079 8791 6252 2344 1216 1557 
45 5784 8384 443 8663 840 1679 5314 4931 68 3448 2019 3785 9152 2190 4286 
46 2710 1235 9361 9118 1215 3933 9152 2854 8442 2704 
47 6285 1165 2390 5231 3368 7962 3677 1232 9999 20 3250 5436 
48 4357 7230 7900 2200 8325 7124 3179 8536 3028 5998 4497 9045 5003 
49 6904 513 7972 6212 9605 4312 7830 2625 9456 8214 561 1848 7653 2643 
50 2689 9180 7898 1545 5452 6919 6223 8223 1541 1332 2613 8212 
51 7306 7982 1609 3141 8378 2960 9191 9880 2768 7529 86 5557 904 2416 6071 5762 374 
52 7465 4282 1547 2395 704 1502 7019 3268 5322 8961 5106 6938 2407 6100 4234 9565 7699 
53 4101 7524 9263 3356 9524 8414 7878 8168 9715 359 74 6844 3395 7713 
54 4765 9836 4164 1713 539 234 6712 2206 9808 1257 2178 1067 5782 5101 9377 3586 2892 
55 1110 3768 7502 2134 127 7855 2633 173 7612 3299 5942 5333 1383 
56 6006 2631 1123 9875 7172 3342 9060 8795 9289 3566 2983 2179 5635 
57 5969 5260 5014 1330 15 5250 6514 7100 4205 6684 948 5078 1025 8116 
58 8497 9956 1575 1026 9869 1094 9687 70 2480 2522 469 9684 7762 6986 
59 8752 443 2976 2659 5274 8691 6812 1374 2045 8813 5396 3104 6897 2603 9013 
60 584 2261 2311 6788 7479 453 914 7634 9469 6359 
61 6692 4762 3690 2498 369 6637 9824 7660 5018 3618 3507 9347 1625 
62 3938 3232 3118 8102 5821 6305 313 5655 9418 7401 7325 200 1961 7813 2232 3475 1405 1900 8893 
63 3078 9518 8330 258 6919 4208 503 8168 2514 7679 5250 5164 4180 
64 495 295 4460 5792 375 3144 4208 4378 6162 7442 821 7709 
65 7334 3062 9777 9048 9795 9491 4219 8582 1245 1317 1573 2153 5373 9219 
66 4156 4201 5735 607 2749 5906 9131 1820 5435 8041 2803 6491 
67 5238 308 2054 990 5734 6233 8266 5981 3789 2253 572 8836 
68 5791 6779 747 5820 1250 7769 1667 6032 562 8356 188 5862 
69 1812 6898 3210 9385 4174 1618 8292 1661 2910 2482 7703 8760 3964 7699 
70 7433 1074 6625 7496 7826 2889 6820 3824 591 4451 7442 4109 6373 5775 7413 8722 
71 7729 1090 1643 1730 3228 5344 8901 9706 9917 8512 4679 8370 4958 1066 1668 
72 479 3692 2743 7135 8616 4459 4457 9020 7812 4089 6214 
73 2106 75 791 9220 4773 3105 1165 7140 8450 2681 93 5471 6889 8105 5099 
74 4967 3063 6028 9877 9095 8929 862 2286 9154 5325 6499 7631 5923 7706 
75 5777 8865 1887 7585 2361 9525 5116 3307 3903 8534 4219 6232 3234 7088 
76 8919 4287 7018 3623 1054 3697 7221 8325 384 4918 4057 8825 3353 9848 
77 3213 4395 6689 1108 6432 9084 5807 7432 3207 6962 6084 6778 
78 1143 8776 261 5720 6983 5039 7660 8986 4320 9267 2176 6323 2745 9138 
79 6569 1509 6344 747 4201 3510 1455 585 1 776 7417 6059 7852 6082 
80 8695 6566 705 9889 3515 9012 8169 1926 4621 3177 9074 1848 6306 
81 1707 9055 1013 7003 5077 426 877 1860 7615 9677 1913 4712 9667 7153 1868 
82 903 1934 9396 1704 4675 8096 86 1214 6916 3354 
83 346 5266 5083 9794 2390 7834 9299 6615 199 3511 5947 4320 4207 7067 2937 9548 1710 
84 249 6988 1653 356 890 7345 4847 7731 3186 9439 3689 3864 9605 177 3982 
85 7319 1462 2470 2187 7184 4560 9695 1106 3250 9087 3989 9444 
86 7928 7094 7418 4385 9944 2097 3173 1821 9844 6797 678 8504 3294 8812 8439 6467 
87 3861 6008 2496 8303 3881 5580 9741 2307 8791 2334 9850 8212 
88 9506 2016 6850 5811 6730 93 3187 1331 3734 2804 8269 6458 
89 2133 2139 6012 2360 1428 16 885 7871 3430 3427 298 676 9219 
90 9776 6206 4847 2266 9873 7777 6853 8644 9289 4175 3684 8584 1554 3957 867 4244 9483 5880 2158 
91 6228 1404 2600 8345 8604 9927 4094 3787 9805 6403 1235 826 8027 9555 6373 447 6687 4985 
92 6559 432 8875 6664 9609 2080 6319 1232 9700 1738 718 8172 
93 6128 2180 4881 9670 8826 7465 517 4009 5080 787 2400 8638 8465 
94 1804 2315 3328 824 2254 4056 9858 9000 2931 7432 7522 7063 2902 2052 3914 5307 
95 8417 7250 2648 3604 2927 7203 852 2309 7067 7757 7930 8343 8711 
96 3197 9863 9880 5782 4461 5539 2880 190 441 4660 
97 8692 7458 6570 4157 2311 7080 5765 3685 7187 6760 4104 5715 7361 838 
98 5720 567 4898 8621 7410 5018 2162 5407 7532 6016 6759 6855 9892 7883 2340 
99 9052 8802 1221 59 8104 8541 1080 6870 6499 5891 7634 3727 6174 5329 4423 3304 
100 1739 5717 7208 4364 8607 3353 9282 3868 4280 7830 2212 5997 7669 
101 4346 3276 6069 5618 2974 2380 6083 4025 2604 6106 9267 4284 9757 385 2615 
102 9017 3029 6159 4932 5243 8865 6994 4871 8036 4679 9281 385 5307 
103 4710 145 8550 651 1057 4581 9971 5873 2620 4473 564 3936 
104 6182 5421 9451 5640 9579 6537 2293 5242 174 4715 5894 7876 4779 8939 5762 476 5862 
105 9390 6998 8465 534 7746 5938 954 5691 7670 5496 3255 1043 1216 7240 9129 
106 9467 3481 3303 5626 3124 7872 9282 6230 475 4634 7264 3135 1310 5942 5435 
107 1812 459 999 1389 4072 6754 9894 3094 7139 2892 116 
108 8649 2276 9947 2241 3028 2901 3733 6524 1382 7850 450 
109 6171 4617 1415 7701 9410 7187 2525 1300 8524 6251 5445 
110 462 1074 1112 1446 9513 6111 6576 7284 6881 6885 4518 7034 3504 7896 
111 7822 866 5458 8300 8019 1860 2179 6589 9625 5894 7913 568 3475 7481 9238 4104 8106 188 2422 3936 
112 2250 8472 1076 566 5602 1894 4581 5465 8932 2176 1328 4352 
113 1486 6251 8637 6459 913 1210 3785 3459 5393 6825 8290 6134 
114 7310 4722 4143 4492 5063 3369 1633 504 4927 2907 8700 9587 79 4985 
115 2104 9117 9343 1070 6118 6368 7005 4595 5009 8172 3584 
116 8929 7898 8409 4570 6660 6686 120 5592 6096 9892 
117 2013 5014 7120 0 2725 4611 5221 9680 1573 7286 2120 9255 352 935 
118 8295 8322 9965 2316 7761 4317 7988 6643 8404 5372 904 5007 1343 3894 
119 8589 9589 9958 7809 5786 848 5254 4616 7291 8908 3487 1315 6268 2206 3305 7087 
120 2706 6870 2982 2226 6369 852 3851 3184 4055 3390 3538 473 8209 
121 1886 1320 801 6322 7051 4515 1961 7860 2017 5887 8251 1984 
122 5318 7515 7175 4246 9178 7912 2932 4311 3248 2522 9214 429 3989 
123 3272 5222 1054 4526 9431 8873 1593 24 4555 3299 3889 7133 
124 3136 2631 1484 1933 4774 5237 1027 7667 3981 1259 5207 9354 6296 
125 4682 994 5201 7511 9545 2889 8956 4056 8282 7445 2789 2854 5539 1710 
126 8369 6182 9649 7402 6401 9095 3633 7341 5934 595 4220 1238 1868 
127 6714 4524 9451 9136 5746 1795 2913 9819 749 859 6376 8928 8030 1105 
128 9980 5100 960 6018 327 1374 6827 3170 4493 4231 1540 3509 118 4909 
129 274 2700 7805 832 8233 1408 7954 5533 3906 965 118 783 
130 8985 3756 9174 3578 4246 5914 6463 7080 5316 6785 9128 5198 3150 2707 2320 1133 9089 2345 2327 
131 8794 4198 4176 3929 814 9601 4502 9361 5281 6524 9850 4037 259 7883 1625 
132 7579 5593 4188 4859 1911 2829 9213 3611 3889 8073 6420 1141 8145 
133 2347 3619 8062 8886 8311 5413 7124 277 6212 4934 1367 8920 745 
134 3528 2088 3481 3254 9143 6514 9327 3421 186 2716 5078 6655 5172 6538 7968 
135 308 4833 7247 618 25 7820 7769 9584 8869 6657 2564 2728 3172 
136 1088 1721 3197 9774 6797 5577 669 1438 5235 2533 554 6134 
137 3136 7979 9229 8565 6194 9911 4555 3829 1995 3052 5783 3521 
138 3517 3578 2142 9648 8412 8258 9437 7920 8292 3731 5758 2426 84 
139 1692 7911 3448 494 5197 8903 4615 4711 9362 5748 7788 
140 9419 2535 3484 6328 5582 8485 805 2377 8494 4924 6236 
141 4069 5267 8211 5956 5084 3387 5396 6657 8197 1274 3261 2212 8279 3074 
142 1667 8818 6177 5312 5648 9170 9891 3220 1685 1604 8651 
143 8335 7306 5984 614 2011 1545 8476 3695 6403 6877 1979 5677 
144 878 1491 973 8585 9753 4779 7477 248 4509 881 7897 2761 6360 
145 9952 4647 5607 9497 9251 2960 6204 8168 8044 2938 630 572 3340 8838 5373 6465 7 
146 5638 3674 5629 6123 4019 5846 2036 4029 70 4611 809 3644 676 
147 5984 7822 6215 6113 2300 2229 7146 3324 6632 3413 359 3285 5860 9968 
148 4829 5697 7906 534 7325 4428 9844 5002 9672 5689 1405 1401 2240 
149 5507 495 7964 5817 4019 4803 1287 7599 1614 7631 4927 3060 8358 1269 8784 3157 3158 7736 
150 156 1899 887 5510 3598 5486 8745 1045 300 8910 
151 2805 9247 8656 3689 1607 7853 7341 307 4571 427 6807 4918 6919 4098 6321 8251 412 
152 4067 4043 1899 937 8775 7864 2705 2452 7070 8155 6283 8274 7695 9476 7087 7133 
153 3321 6473 1551 5243 6513 9751 9777 2174 8551 1131 9883 7001 6214 
154 3118 2339 9539 3799 2400 8409 9795 2965 7658 0 5721 2859 3720 3184 6608 
155 7882 9810 6305 6390 1539 471 7847 8475 6848 5084 7517 6283 9965 4661 4619 476 
156 7979 9418 6477 515 3128 5844 2023 6895 2348 9774 9683 3023 8156 8431 6327 
157 8381 92 4446 530 1772 1355 8751 7294 16 1742 8486 9731 79 
158 9390 7099 7271 9059 6057 9614 7300 306 9917 4453 7400 6044 2875 
159 5122 5784 8591 3601 99 145 7644 9909 8261 2470 993 5208 3791 
160 2025 6634 8805 8940 8568 7221 8901 365 1531 6910 503 7449 4645 2938 4596 
161 4357 2039 6715 1816 6111 6672 914 2773 7814 1661 8479 7682 5992 3111 
162 6689 1713 7398 5325 2906 9767 5360 4378 8587 5502 2003 
163 6050 3844 3935 5742 3259 801 925 2573 7711 4715 4311 3013 6007 2298 6701 8910 1299 7949 
164 4839 8933 7932 7704 4960 9048 3108 9198 1605 4447 5688 3595 7410 9075 9979 
165 6784 3343 3998 3478 9570 7478 6321 119 1411 6897 5229 1683 7698 2875 
166 6756 9088 4188 2756 5828 470 3033 344 5906 8771 583 
167 4316 8763 7441 125 8482 7491 2286 3880 1448 6476 6114 9933 
168 8993 9072 6401 9765 4899 2792 973 1873 340 8400 2205 7858 2437 1995 8486 4624 
169 4006 6887 7958 7717 3212 6841 2446 3368 8562 3722 7664 
170 4263 2558 5837 9799 6043 260 2204 1874 2592 3089 289 4249 6258 
171 8730 6142 3550 58 7528 9274 3289 7652 9227 3204 6622 1341 4622 9215 3163 8387 
172 1506 5954 2306 2040 2004 717 4748 3221 2905 2299 3012 8269 3163 
173 9629 8668 9591 6571 7803 354 4597 7953 7926 1870 9843 
174 4817 9288 7729 3606 5077 2698 8329 1184 5235 6845 2855 
175 1649 280 7737 9479 3063 99 3317 619 5767 3062 2698 7744 8716 7709 
176 4236 2193 7520 9748 1485 104 5582 127 2898 7886 4675 9667 3575 1343 
177 1385 2506 8201 4143 3443 6629 3252 3725 4400 2633 8174 9354 
178 89 3131 1869 8834 9242 189 2876 277 4406 8347 
179 6517 7480 805 620 8283 3135 4978 8112 2386 7765 9461 
180 9106 1824 3273 9392 647 3824 7219 7002 3033 5915 6795 371 5331 3965 5194 
181 875 9105 9649 8886 2710 7886 3904 9348 3340 1683 5435 4160 2288 1800 4957 2155 
182 2527 4405 6596 7334 530 886 795 5260 3347 6962 1741 4399 
183 7411 6790 7766 1089 3309 6057 3483 2087 5915 332 9352 3615 7632 4455 1043 2 7007 
184 1970 3213 7902 2312 3787 6830 470 2096 6055 852 3491 
185 1393 2923 7483 9088 2913 2756 1596 8536 431 1810 7571 7005 6844 6491 
186 7089 7394 313 6850 8567 6552 5879 4268 1607 163 188 
187 6976 6454 3281 866 435 9006 5694 7343 9122 1712 8838 6161 8439 2685 8193 
188 7678 1550 7110 9037 4334 6342 66 3848 775 6162 74 948 5030 
189 4276 1129 8313 185 6792 6591 9825 1117 6151 2514 1001 8637 2555 3158 
190 628 6069 9228 4141 5309 6246 5484 4146 37 2246 3942 1305 
191 5644 8755 577 7864 5591 330 6096 7136 2503 350 9362 3437 9197 6067 
192 8763 7139 5518 832 3904 5310 3220 7236 1660 1986 8116 
193 1100 4603 4495 6353 1154 8415 2387 5626 3466 6763 3207 6071 935 
194 3619 7411 4409 7944 8657 9556 5060 9251 6876 8008 5668 2603 4539 
195 1090 7496 5771 2446 6580 378 9850 2271 959 3171 3224 7791 3077 9615 8711 2904 
196 9561 3853 2612 2758 6678 4722 8165 6923 7658 467 1680 3363 
197 346 2015 1810 4259 2010 3335 2688 8426 5001 300 9160 
198 3756 9842 853 770 2975 5530 6763 184 9342 562 475 669 5543 
199 4894 6012 2237 302 1154 6293 5002 8533 1413 8771 2253 4160 7788 
200 2944 1653 4239 7222 8849 1689 2585 5080 3757 3155 1754 454 9387 420 9903 
201 6649 8235 8485 1351 1473 8754 6481 4301 7595 775 9580 8358 3666 
202 6384 4630 5313 2982 8007 4622 7132 8543 3390 3609 6540 8174 4901 
203 4878 2424 8871 4686 9279 5018 658 2178 8366 414 2609 9815 
204 1659 5217 8312 3114 7861 86 6610 9999 2162 8316 3642 4509 
205 266 8751 1126 466 2891 1035 9516 3369 4465 3479 
206 8383 7084 409 6498 4231 8494 2533 5774 120 2445 4210 7007 9931 
207 3384 1599 985 4384 6751 8563 1366 2841 8300 8161 8121 4035 3783 
208 5411 9158 4190 6719 4157 7514 817 4701 91 7929 
209 341 7254 585 6757 4912 318 1835 3906 9620 256 1067 469 8484 3012 850 
210 7592 6047 4467 3877 3944 6768 4745 7618 5487 9412 2281 9633 9527 4637 2321 9476 7439 838 
211 4680 3924 9247 2993 7935 4540 2841 8611 5465 1015 8284 9461 
212 1922 2535 394 3483 3175 8655 4023 9599 7869 
213 4756 2104 9405 1286 5518 294 1784 5231 3677 5360 4723 5921 
214 1372 7648 1974 6142 3409 2525 9477 9893 933 7679 8920 8005 
215 9849 1872 3599 1045 658 3511 6957 6411 6097 7252 3753 3584 
216 3384 5633 6206 311 6344 9098 4164 383 4608 1163 5270 
217 7266 9029 6049 9754 4637 1001 1854 7370 6729 9246 6652 494 5859 8659 4269 8495 
218 3030 1928 4967 1254 1594 4738 2441 7257 8673 7698 9007 9160 
219 3107 1594 1877 3870 3652 138 1126 2080 8745 5873 3788 5803 9075 329 3240 
220 2368 4384 4514 5324 1748 2023 7011 158 6298 6013 8856 4548 7519 
221 3779 5620 3128 635 698 4916 3896 3165 7236 4707 6016 9286 4786 
222 1876 6552 2689 1983 9420 4003 681 2072 4259 8939 
223 3237 9269 9969 2306 6418 1030 1726 5026 8855 1037 8807 4494 1149 5691 8798 8209 3543 
224 5095 6093 2198 6107 7813 2226 9570 3060 6795 1116 1999 5237 5172 9713 
225 9607 2053 3878 5470 6246 8913 2004 3967 3532 4473 3922 2589 2491 6534 7736 
226 2139 3040 3688 5344 1701 721 3905 6757 8832 8779 4778 3885 3543 
227 5088 8369 1797 1747 3925 3801 5189 6026 4250 2797 9084 5091 9369 5409 9483 
228 2075 7635 1082 963 3833 8323 8023 3725 2990 8722 
229 9956 2244 8450 354 1057 6080 2514 9672 5074 9261 4433 7360 979 450 
230 8262 4058 40 1415 8375 1355 3247 377 9631 4843 7185 5802 6967 
231 2949 1406 9320 1329 3726 4471 3829 6684 5542 8659 1454 
232 742 3276 3433 3186 8840 1947 4460 9612 8160 3397 7735 3336 6207 5341 1868 1752 4901 
233 4682 6107 6629 7910 409 2232 5557 6079 6889 4844 9138 7759 4901 
234 9017 1221 2292 4676 693 1442 4748 6788 5604 7254 8706 9476 6141 5099 
235 6569 4043 4796 3769 4922 2474 5523 5931 8506 8100 9324 5193 4959 6701 3914 3753 
236 6308 1285 7900 8491 1754 91 7867 2433 1835 8863 6097 488 1800 1134 6101 
237 5801 4020 4057 6927 4465 7860 2717 8274 7912 5865 2173 4344 6975 3699 4824 
238 7247 5190 752 3571 404 5452 1048 7473 7470 4305 1493 5966 7751 
239 8848 2348 7528 5722 9909 4984 653 1809 4523 8876 5668 843 1256 
240 2776 5042 4199 6383 7645 208 939 3006 4301 9356 8426 4723 4441 9933 7575 1105 
241 2801 6668 8385 1287 2241 55 6910 8588 796 3420 9587 9464 8470 
242 4919 4732 1037 7911 7876 6223 2487 1768 6695 3507 1281 
243 7524 2151 5340 6240 39 65 4183 1116 5156 7449 3733 9365 1259 3468 
244 855 5806 7704 6061 9854 3343 3479 6342 8400 5471 9620 8798 1524 84 3468 
245 3400 2753 9098 6013 9788 2397 9964 4560 7589 2880 8442 4340 
246 7018 6018 9396 7761 9603 3726 7100 378 8214 3224 3166 3437 4909 4341 
247 6566 2601 295 5476 6515 2410 4599 9060 2665 8533 5841 8334 8830 9834 259 
248 2053 912 9561 6405 4024 4282 6802 1647 5475 1755 1887 3787 163 6853 683 4527 
249 1699 1509 6047 1447 8668 3070 3477 5128 7497 9202 3054 1401 
250 2956 3976 5686 2849 1067 7100 1151 3171 7794 3363 
251 8591 5423 8826 6649 619 880 2360 7171 7053 1065 9971 1680 9369 8698 8017 7361 7055 
252 1506 7690 8877 5181 5888 6284 7171 3342 9128 1058 2345 
253 8934 9058 8255 2986 7625 1174 7756 1951 9891 9695 1231 5409 7200 
254 399 1526 3040 5742 8335 6682 5811 5824 6923 3604 8795 6021 9166 
255 8857 1934 4146 3346 5374 8606 4059 2625 8526 4660 
256 5916 840 5967 6751 130 8563 943 6127 3399 9625 7788 
257 7046 7539 6401 1009 6029 1163 264 4620 4898 7203 6055 5691 2412 
258 1612 1790 4536 4803 5490 3168 3229 3839 6162 7941 4642 8041 9091 2858 
259 5507 8623 5286 3073 4250 8407 5058 7838 1768 8525 9464 205 
260 4261 3919 2489 8406 6790 9536 5063 1794 1330 9663 9793 7219 7866 4010 6485 4022 9404 
261 5696 1819 5309 7405 862 3730 4270 4400 9527 3806 9057 4723 3166 9933 8343 
262 4943 5630 7418 5824 2474 8109 3335 5058 7858 3187 6291 8863 9996 1557 
263 1928 4239 2945 3244 4467 1079 341 4997 2257 5484 9795 4870 7003 6341 4664 4011 2962 
264 4896 114 7373 8034 6090 9856 5803 5940 7703 5827 
265 9696 3131 3426 92 8567 2323 3757 7224 566 8503 8061 1206 642 
266 444 2793 8805 556 8594 2927 1596 6807 1121 340 8460 5910 3509 2321 5007 2027 7360 3304 5775 979 
267 32 5971 567 2707 1247 8832 6663 5571 9977 1310 6694 8903 9549 7153 9444 205 2643 
268 875 459 3602 1714 5633 1970 2520 2012 640 3712 4005 9465 5993 
269 3223 8026 5361 5821 1689 1433 2039 2964 2089 8265 3630 6613 
270 9539 4069 3697 9490 3144 644 3687 7876 6957 3135 3413 6238 1331 5270 
271 2966 3407 8304 5105 5618 192 515 7244 1819 7182 4757 2898 4787 2858 
272 6782 9058 363 3356 3498 2260 4630 4131 8180 1258 1602 329 
273 9801 3103 9594 7097 6297 6219 426 3510 3472 1820 3437 5064 
274 4864 2758 5136 9154 3179 5569 3908 9427 7068 2607 412 
275 509 8258 5579 7208 599 3558 1540 9406 2027 
276 311 4446 1103 6308 4543 1993 7446 6264 6535 5241 2005 5019 9327 5921 148 
277 5607 5914 6966 8087 4608 6029 1013 158 2411 4898 5998 9406 2005 9175 4548 6962 5541 9211 2630 
278 2558 3748 7491 5792 9750 7212 8233 1070 9856 2259 9753 898 2188 6189 9731 
279 7271 8545 6732 2022 5823 306 644 4807 8709 2847 7251 9815 5412 
280 4283 3879 6930 5686 1821 8126 1614 234 8326 7542 3499 865 3023 7553 139 
281 5423 1173 5181 8311 9699 8107 4005 9307 5425 6622 991 6765 3004 6022 9301 
282 2733 1251 9189 3387 8721 6856 2101 5209 2503 2121 7413 7055 
283 1378 1598 912 1804 4385 5217 5501 9875 6848 9240 4715 1048 6336 2407 1358 9453 
284 8500 5357 6559 2776 3470 4268 2110 5479 990 5776 4624 
285 2347 9226 6113 8892 3706 8112 3933 1151 9972 6540 6067 
286 3306 7928 7690 7914 3967 1260 9190 559 898 9345 3851 13 2902 3074 4341 2240 
287 6605 2971 7523 4432 4428 3680 5039 2786 6481 9852 7423 7438 9990 
288 8206 9447 1499 2681 2705 5502 7481 8398 1967 4442 473 9549 9684 6982 
289 4829 8211 9572 2040 5455 6127 2473 6935 5156 120 5862 
290 4245 5021 5767 6285 8435 8873 9726 5174 607 9020 857 5802 6509 
291 8602 8070 6098 7954 3104 1712 13 821 1269 4249 7553 2304 
292 9670 4202 6513 288 3880 6132 6007 9057 9213 5062 9548 8722 
293 8379 8872 5629 3140 4336 7168 5530 8317 7537 8935 2499 6424 1150 8130 
294 6600 5740 8205 577 5478 6528 3998 6712 6828 8788 2298 6175 2929 4298 7850 7892 3630 
295 1143 2131 8348 9419 5714 1243 2200 7098 369 368 9742 643 6296 5869 9199 
296 4848 2410 5967 7096 1272 5050 2579 1684 3430 7829 3708 4886 3989 
297 1856 9294 6782 9173 365 9882 5663 1872 8411 5208 7869 2613 139 
298 2923 2793 1965 5576 9446 2198 1249 531 3478 7848 3840 2155 2704 
299 7363 4962 3646 32 6515 6240 1253 8437 1933 9739 6661 6637 2876 3210 2932 5910 7423 7519 3077 
300 2942 4962 8673 8149 8282 8820 8299 1862 4934 2775 6888 6073 4619 1145 3074 
301 5808 855 1744 6418 2236 66 9109 1456 1764 677 980 7029 
302 1406 4896 4297 6272 9813 1315 1903 7146 3615 9057 6106 8788 1904 
303 4719 5529 9873 3159 4775 2915 3312 9166 3816 9824 8741 3054 7762 
304 5175 9810 4202 5916 6904 6501 7446 8345 5470 1739 6711 7176 9854 8688 4539 
305 9544 9276 4458 1643 9922 2154 3253 2717 8096 7670 8210 6635 6022 6687 9834 
306 1949 75 8657 194 1684 5212 5241 6589 1106 6943 5645 8622 2870 8145 7699 
307 4543 9579 3328 9712 5464 4916 5294 2637 4515 1961 6207 2114 9757 3285 7791 7438 
308 7994 1099 1653 3103 6596 1714 2601 3042 3160 9055 3550 6380 1755 5316 6100 4377 
309 8417 8777 1750 7997 2866 9322 9175 6291 3957 2784 2676 3642 9680 8214 5207 7349 4531 
310 9397 1949 6839 2339 9309 3266 2461 8840 7054 4790 7189 8478 6086 1367 5966 9654 4855 
311 4864 9940 9647 2552 383 2706 2452 1260 3556 3239 3353 5003 7545 
312 2244 7958 130 2037 6336 8316 6695 1683 4508 5354 6655 5101 3568 6547 
313 422 8991 3444 7584 7178 6696 8585 2829 4393 4012 4584 8162 6615 3261 2074 2929 9930 
314 9929 8262 6761 2837 7822 6477 9879 3409 9307 617 7522 6030 3991 5326 
315 9524 7172 9009 1778 9687 4059 3396 5197 9177 3363 
316 9277 8730 6220 2257 9367 1272 3947 8265 2094 9789 1904 
317 3834 4 432 1447 2641 6726 762 3633 3018 4457 2017 5030 
318 1464 6297 5487 3359 2983 2480 4023 8048 6948 1943 5445 
319 742 4943 156 2315 8569 6537 8594 8607 7573 3311 2087 1858 1238 8961 225 
320 4881 275 398 6945 4616 189 7073 7002 8261 4344 5329 8671 6534 
321 2507 9589 8065 7661 9376 5394 7518 2484 424 9858 
322 7502 1023 9061 2760 3289 4453 5848 4774 8100 7913 8582 3991 7759 
323 8047 3030 1378 7982 9439 7244 5111 481 8945 4701 5294 76 8387 
324 890 5475 9000 7238 256 3177 9972 4298 6016 843 8431 
325 217 6352 649 8271 9012 7119 1604 1768 8228 1848 9347 
326 6997 3094 525 39 7878 4211 1513 3922 1712 727 4778 183 
327 9276 516 3519 5340 2675 1253 8487 3663 9061 7973 3893 105 9663 1798 4884 1125 
328 623 709 5765 594 3864 427 3892 6086 8700 5734 3839 629 6084 4294 2190 6331 
329 9536 3018 3427 2216 8606 2564 8366 9345 2449 20 9211 3521 
330 2000 6383 8414 9454 8006 962 1271 6792 4030 2884 4824 6584 
331 3032 7809 5962 7191 8908 3204 807 3589 6498 7705 3886 2232 6233 2155 1066 8495 
332 9978 3919 5935 7199 7110 7805 3443 2975 1268 6883 2683 5758 9013 
333 8122 1772 6552 5512 7337 9754 8347 9775 5363 1206 4924 3583 5311 2491 2951 
334 2159 4288 6264 6678 6384 2177 9387 2084 8504 3699 3504 2870 7782 
335 516 3688 9762 7209 559 2688 4479 1333 8876 8535 2052 9713 
336 3496 4859 868 681 3905 5050 1891 5366 1257 7527 3644 881 8218 1752 7088 
337 3938 4409 6932 6023 6660 727 1830 4089 630 1489 5194 
338 7918 1433 1701 3560 375 7479 524 6083 7185 3294 9261 5992 1900 4326 
339 2822 6895 4640 7092 4252 1903 2137 9190 5891 9360 65 7812 9789 2533 6667 8651 9374 
340 3223 9799 2831 3769 2283 6625 398 5876 5843 8774 8259 8209 
341 8663 791 576 3347 9813 384 7972 9881 7705 6407 6608 
342 9397 576 2552 841 3150 6881 3532 3569 7910 2686 718 8259 9931 
343 8201 9884 1774 258 4063 9089 3611 1946 2482 653 9921 2412 
344 9696 508 4392 9054 5833 7518 1588 7398 1131 1282 3758 
345 1543 5604 2473 8655 6652 5805 8232 1317 7999 1967 1478 6323 6214 5677 
346 7345 7441 3654 8129 7257 7291 4669 9788 225 2416 2307 9972 8293 6538 7545 
347 665 126 4506 3870 7135 3006 4525 1936 2609 561 350 5354 7056 1454 3783 
348 430 4729 2142 951 5777 7405 717 9893 1271 2398 1351 4105 6663 5062 554 6986 
349 5511 9855 2174 7354 7871 7395 2114 6173 7637 1228 9002 965 2483 9215 4531 
350 4398 1395 2862 6911 238 8544 3780 4334 2618 3397 5098 5673 5925 321 1763 
351 8333 9544 8497 7648 2283 6028 9392 9927 868 1121 5313 4171 1891 173 4170 5869 
352 3559 9167 4689 9113 8913 2442 9227 8322 2325 7395 1434 6880 8812 6189 2327 
353 4848 6605 7401 3697 8161 6277 8393 3965 2445 2761 
354 8872 878 5955 5222 6960 2757 5809 1532 6945 433 7179 6054 
355 9749 6501 3598 5931 599 4978 2581 653 9555 1731 4180 
356 3001 7404 5987 3162 6874 9309 4404 4454 7054 3798 8401 4997 7802 3376 
357 4227 3266 6272 8908 3569 1311 3245 3254 954 3191 1269 8928 1242 
358 4263 1261 5000 8184 3472 6420 1015 1141 8156 7575 9199 
359 8602 3768 8482 6432 2269 4597 8034 8779 7732 
360 2073 1113 9136 9910 9860 6939 4739 9426 9819 1706 721 1763 
361 6955 9591 7070 2604 6238 7667 4642 2503 473 7794 9979 8145 
362 5808 6353 3295 2089 9420 2664 3112 2728 3376 1668 
363 3652 9894 3979 467 3583 5599 1240 1493 1660 2190 1145 6470 
364 8575 7061 824 9516 9477 6230 68 201 677 7068 2344 9654 
365 4395 733 6772 3155 4417 8541 3695 7568 8828 223 6132 3575 6547 
366 5095 5826 3160 1443 3484 4415 6768 8550 9869 4585 9630 9631 6045 9911 
367 5421 1108 1089 8412 9612 3358 8971 9441 4174 8027 2209 7545 
368 8182 9491 2652 371 6575 4897 2427 3577 5542 7422 1943 
369 6454 405 5048 2254 2398 37 4125 7962 3120 1709 1231 7589 190 9087 
370 2013 7520 3878 8544 6520 7537 1338 5230 9808 2683 5496 6059 5645 8836 
371 7934 1023 5067 4063 6856 4641 5836 5193 3020 4205 1151 5436 2288 9286 1305 
372 5201 640 2227 4549 3081 4393 9134 1411 4353 2821 4284 4621 959 1534 9139 
373 2371 9269 8026 7323 7337 1243 4916 9368 3833 3367 8280 8828 3399 583 
374 8355 3212 4571 2619 2084 3908 573 7838 9973 164 6187 
375 5585 6570 4989 479 1103 339 6716 1659 3235 8665 2583 5230 5219 4645 6099 7029 8994 
376 3559 8993 816 9826 5697 7035 6008 5934 7073 3196 9703 5483 3830 9007 2666 
377 711 8944 7323 7671 5644 4745 6966 1726 9837 3868 5250 3052 
378 9167 6761 693 7420 5425 7417 8283 8169 5164 7706 
379 4817 4068 124 1422 9700 3366 4502 9886 1630 164 9868 2803 7744 4531 8125 
380 7918 8940 4190 2134 1387 9751 6721 762 5331 3611 7637 4523 8836 
381 275 4302 1296 9109 9973 9599 1228 5635 9333 2153 9177 5248 3113 
382 931 4441 913 6487 4711 7897 5541 5542 5354 6759 3354 
383 8919 1910 2600 3692 5128 7402 5740 8945 9647 8422 2679 8932 3758 
384 2733 3623 2919 5844 7097 1990 5488 8956 2493 6970 643 447 4501 
385 5759 8694 3001 1372 3602 2095 3976 6668 8639 4796 4276 5140 3798 8638 9431 8189 6161 9224 
386 9272 4815 6980 7222 1277 4647 951 531 8456 208 1605 595 2496 2181 8407 9043 412 
387 7994 1099 7944 5083 1082 9178 6194 7573 2931 4025 8935 1058 3784 374 
388 4680 3426 6828 3287 9131 1245 4523 630 9333 7987 4314 
389 8406 3654 8401 7635 9486 6177 6836 1830 9741 35 3789 4615 6236 
390 1385 9257 339 8848 1341 6174 2132 1827 7470 5407 8073 1150 
391 1679 4440 5569 2943 7132 4595 6508 6255 7532 1742 6967 8722 
392 3496 4184 1816 3360 5521 9564 933 1538 1862 7492 3489 4011 2392 1710 
393 7726 3070 3228 5177 1174 8818 9724 5098 6975 5383 5774 7364 5333 4909 
394 9607 8691 1547 6576 2452 3806 5776 9183 4312 5281 1709 6482 
395 249 7320 6716 4601 817 6994 1692 2022 3893 6876 796 8562 8049 2 7987 
396 4676 7768 7051 9883 7756 9279 7019 2173 3248 4965 4234 6467 
397 7363 5214 5071 8775 3606 2940 2606 2620 4447 8162 9889 4399 
398 5638 5791 8849 9381 3674 5717 4757 963 5457 8165 8688 6549 4886 673 6613 
399 8857 5594 8593 5879 9600 2702 15 6760 7603 2859 1704 6459 5248 1557 745 
400 3875 7539 4184 2954 5642 9594 4009 9556 1983 5733 61 3159 9720 9633 6799 
401 8047 2574 7483 1551 9480 6319 5577 1296 6066 5374 9045 8134 7296 
402 4 9106 4919 9121 8422 5198 2388 2965 2579 8271 8460 9990 
403 9934 5100 8558 925 3358 7780 5446 7308 2377 2749 6862 5001 8535 4170 7429 
404 9860 2011 2097 431 9189 4406 4498 5312 4884 7653 
405 3093 4392 9613 5140 9003 8946 683 3170 8028 8935 5694 7634 2433 5859 1215 8685 
406 6977 8884 8752 9467 5405 298 3120 9996 2914 2188 190 2804 6486 
407 9052 8991 9560 6093 6581 4021 7401 737 1707 6446 4075 1449 9182 
408 5806 2993 4199 737 2361 1774 9706 5223 2325 1913 4461 6655 2304 7240 
409 31 5489 6819 892 6405 9533 5021 5167 5579 5970 4528 9806 935 
410 8694 5122 2924 8871 6196 7468 870 2146 5733 61 513 3556 2797 9412 6883 5078 2426 
411 5480 6898 1484 2891 5048 9274 2509 8155 3792 6791 9504 7439 2158 
412 9341 6732 909 2357 8588 7926 7695 9993 8023 1936 2768 6610 8470 
413 1100 2888 356 5380 5987 2762 8649 3235 7523 1939 3871 3761 1979 9930 
414 1856 1393 9958 1589 7964 5205 2729 5184 3175 7184 9886 6799 6178 352 
415 89 2748 525 6591 8268 3929 8825 6066 6114 1680 4844 4527 9615 
416 9024 6043 3690 9314 3324 3617 5533 568 2427 9255 5326 3982 
417 8204 5476 8660 6098 9242 649 8458 3196 6532 385 6082 
418 1026 9940 5760 6939 9609 8437 4885 9531 4171 7034 3898 8266 6465 116 
419 8537 7175 3433 5165 6123 7625 3245 6021 8820 2096 5836 8671 6331 7949 
420 4516 8519 6225 4979 4108 2177 9520 1462 620 9767 3618 8174 4352 450 
421 3585 1549 6930 3560 1250 3896 2036 1508 3168 289 8212 
422 2888 5742 3763 7384 4526 4773 594 7182 4640 2268 1 1358 7056 3830 4340 
423 886 4430 4540 746 9648 6726 9638 9600 3742 2606 6984 1538 2729 850 9244 
424 3407 7280 4738 5306 8565 453 6174 5940 6009 7893 5029 6509 
425 8575 5087 4016 9205 3901 8884 313 1647 1532 2546 7178 347 6765 6044 
426 5324 9756 2637 3466 3239 4280 809 9348 8784 1926 254 
427 7934 5225 2088 5930 3685 2056 2229 3947 2907 344 7615 5993 
428 8519 3528 2763 7778 6842 3971 4530 870 4075 1588 9987 776 3229 2943 
429 7555 2949 6280 1549 8036 6528 4913 7722 1268 3677 6575 5074 6141 1984 
430 1947 7514 2236 9480 1539 7325 8317 4012 6549 3686 4109 186 3231 9444 6258 
431 3865 9842 67 1452 9762 6118 4984 8721 8619 8184 8393 3395 7880 
432 7390 6998 3032 3295 6754 6537 7847 4807 3081 3112 2906 7646 3393 7632 
433 2899 4245 3093 6784 2661 5113 1877 517 282 6225 238 6960 2276 9037 6390 4075 1101 9518 2962 
434 422 138 5823 3307 9520 2702 8180 1094 4662 9709 4270 3488 6729 
435 3105 1438 3851 8760 35 3791 677 9214 1025 4786 183 
436 5837 932 1030 1222 1794 2181 7668 3706 2435 1413 2910 4562 
437 2368 9097 690 4710 7149 1173 9376 1721 8558 5026 2015 524 124 288 1117 8712 1383 
438 7033 2323 1035 4108 6853 8303 4485 9863 4459 9162 1486 6643 337 4965 8179 
439 7935 9381 7145 2490 2260 7803 4913 993 4002 7589 8543 9868 8622 4286 7179 
440 2409 8384 1404 1922 4932 9934 1112 9405 5714 1755 433 7053 6661 6687 
441 2237 5406 8007 6310 8621 3707 5673 7529 2386 3287 4897 8484 9713 
442 7421 7502 5971 8611 6233 4641 2725 7757 7532 456 
443 527 1277 9220 9805 55 6730 3636 5571 9977 7941 6694 3607 9404 8043 
444 261 185 7206 471 1065 2154 5956 7643 8644 9837 1951 4131 3792 8121 6099 6054 
445 3237 3724 1876 3400 4601 8129 9368 3252 2849 8458 6807 5752 7845 
446 9729 2108 647 9198 4915 3420 3076 8370 9821 8869 7162 4661 9270 
447 4863 4878 8070 4454 2822 4528 3680 5848 6310 9324 902 2132 5229 660 851 5752 1134 
448 4262 1311 5091 1685 2487 1382 3396 3250 6825 2120 6254 6306 
449 7458 931 8995 112 5116 9726 4098 4912 6090 6341 3495 9601 2074 330 9197 177 
450 1649 9341 9121 9545 7645 9882 2563 8326 9504 4479 865 9238 7147 84 
451 4016 5480 1389 1543 9046 5817 9947 5970 1874 7826 6156 7658 2513 8716 
452 1797 7785 9613 6682 9855 3078 8568 618 3108 7861 8106 7968 
453 3728 9748 1609 3140 5510 3089 8534 8280 3684 1618 8584 8054 4294 9892 2615 4314 
454 9064 6980 9879 733 1894 2181 8149 3942 7492 251 1602 9964 
455 6976 8656 7584 6484 5286 6994 7906 4364 2478 5591 6073 1489 5043 1256 
456 816 1285 6696 2138 4664 6580 1946 2449 9365 4461 9921 6759 3113 
457 2180 2424 704 4634 2901 7819 8525 7999 3412 5997 1904 
458 5238 2801 9072 665 1442 6333 1735 7212 5437 1176 8044 7603 
459 6039 932 9229 4172 8925 3903 3123 591 7886 6667 1541 5901 
460 6228 2942 8660 4204 2905 1945 7209 5749 2914 3940 
461 2585 266 424 5067 368 9573 4584 9350 7872 7985 3577 
462 999 3770 6721 9819 7189 3221 3311 2619 9775 2739 3586 6327 2790 
463 7644 1251 1915 9756 7168 9437 4302 7568 7538 6487 3240 9848 1763 
464 7374 7785 7384 1249 2261 8569 3786 7144 5174 9004 
465 2527 1325 5954 6692 3317 6517 5760 9699 6571 7565 7618 4317 2773 6855 4269 6778 
466 4643 1911 9117 8295 3848 9356 9122 9339 2021 5393 4801 3784 2630 
467 6802 5167 3930 3912 1578 5930 556 8616 770 6830 8706 1858 6369 
468 8965 1842 5254 8415 7092 5223 121 8644 1338 4555 1809 7527 5438 5783 7 
469 6026 4557 8983 7373 9584 9170 2253 2990 4055 3421 2716 8105 4377 
470 7737 4058 4557 1287 6983 4870 4252 9573 8299 2137 3387 5841 1258 8061 9843 4442 
471 9801 3131 4729 6874 6220 4768 126 614 3013 3234 
472 5315 6050 4603 7809 6871 9489 5620 1744 7600 1578 6380 3371 6833 
473 9907 462 9158 6352 9479 4227 6473 7280 2919 8255 7391 9226 937 5962 6053 395 7219 3104 6635 8920 2555 625 
474 31 2976 4639 1079 8491 9343 7251 8007 7478 2466 5694 332 2273 1261 783 
475 2966 430 508 8944 1747 4374 7391 1443 7511 9410 9037 59 9565 
476 5585 5361 5655 6280 825 2498 2753 6215 9550 1329 8475 8512 638 8044 9933 8130 9043 
477 2661 3519 2700 9712 3748 4436 4297 1706 484 8851 4493 4669 8524 6232 6550 7880 
478 6340 3273 7035 885 5490 4211 6204 7542 6760 3886 6368 8723 5748 
479 5935 3377 405 377 8855 8712 775 2581 2021 3734 5635 1943 4855 6470 
480 4894 784 6159 2441 8623 5189 1915 4922 8794 7725 7599 2045 6672 991 4497 
481 711 7832 2292 7149 5397 5826 7671 4549 7176 5716 7308 8273 3722 4314 
482 9969 1886 4815 5266 5955 2108 3477 4979 6288 2395 7 
483 6784 8062 5640 3141 8312 7497 307 327 3358 2847 5205 6404 4455 4037 4326 
484 527 7266 6535 8719 11 6030 772 9469 5209 7445 414 5901 
485 1500 4067 3901 6714 4689 6911 8665 8759 481 9182 5768 7354 4801 5445 
486 588 5820 192 8435 698 5888 4608 8109 1434 5098 2101 4959 321 3158 
487 9907 6668 892 4024 3853 3930 7480 3550 5177 2146 4436 651 67 3114 8268 5880 9903 7759 
488 6847 6839 274 5801 5105 9373 5562 8827 7061 8472 8378 7919 7191 
489 9272 9100 8679 7263 4064 753 5406 7655 1502 7422 6458 
490 8381 6517 2974 6562 4172 6820 1735 484 3012 2426 
491 9978 1965 3281 8755 8206 9447 1499 3247 5212 9152 7852 3316 
492 3517 7320 960 7600 6812 9875 2573 1300 4030 1315 3312 8329 7987 3111 
493 1550 848 7250 9765 7777 3420 6476 1827 7119 7682 8210 8106 2607 2340 8043 
494 6977 3601 8304 3790 8875 2659 3042 4617 7391 4639 8355 9320 6600 6333 4606 9453 
495 3306 46 7230 3740 7206 1009 1750 6045 3788 8207 3033 9715 9183 2855 5880 
496 1500 6171 596 4989 1464 9794 5809 1366 5828 2893 8774 5807 6095 3607 2892 
497 8500 2489 4887 3402 746 7914 2964 7565 8946 9881 5688 8265 
498 4516 3935 1744 3944 7701 6711 2395 8690 484 3336 4843 5931 7710 6360 3316 
499 9288 2956 2371 2106 2131 3834 9373 5786 1129 3470 
