30
1 311 1165 1208 4886 9985 2623 801 1636 3320 6300 6779 3762 8991 9535 9509 576 4169 
2 311 1165 1208 4886 9985 2623 801 1636 3320 6300 6779 3762 8991 9535 9509 576 4169 
6 311 1165 1208 4886 9985 2623 801 1636 3320 6300 6779 3762 8991 9535 9509 576 4169 
7 311 1165 1208 4886 9985 2623 801 1636 3320 6300 6779 3762 8991 9535 9509 576 4169 
9 311 1165 1208 4886 9985 2623 801 1636 3320 6300 6779 3762 8991 9535 9509 576 4169 
10 311 1165 1208 4886 9985 2623 801 1636 3320 6300 6779 3762 8991 9535 9509 576 4169 
12 311 1165 1208 4886 9985 2623 801 1636 3320 6300 6779 3762 8991 9535 9509 576 4169 
15 311 1165 1208 4886 9985 2623 801 1636 3320 6300 6779 3762 8991 9535 9509 576 4169 
21 311 1165 1208 4886 9985 2623 801 1636 3320 6300 6779 3762 8991 9535 9509 576 4169 
22 311 1165 1208 4886 9985 2623 801 1636 3320 6300 6779 3762 8991 9535 9509 576 4169 
31 311 1165 1208 4886 9985 2623 801 1636 3320 6300 6779 3762 8991 9535 9509 576 4169 
37 311 1165 1208 4886 9985 2623 801 1636 3320 6300 6779 3762 8991 9535 9509 576 4169 
41 311 1165 1208 4886 9985 2623 801 1636 3320 6300 6779 3762 8991 9535 9509 576 4169 
42 311 1165 1208 4886 9985 2623 801 1636 3320 6300 6779 3762 8991 9535 9509 576 4169 
45 311 1165 1208 4886 9985 2623 801 1636 3320 6300 6779 3762 8991 9535 9509 576 4169 
46 311 1165 1208 4886 9985 2623 801 1636 3320 6300 6779 3762 8991 9535 9509 576 4169 
48 311 1165 1208 4886 9985 2623 801 1636 3320 6300 6779 3762 8991 9535 9509 576 4169 
51 311 1165 1208 4886 9985 2623 801 1636 3320 6300 6779 3762 8991 9535 9509 576 4169 
54 311 1165 1208 4886 9985 2623 801 1636 3320 6300 6779 3762 8991 9535 9509 576 4169 
55 311 1165 1208 4886 9985 2623 801 1636 3320 6300 6779 3762 8991 9535 9509 576 4169 
62 311 1165 1208 4886 9985 2623 801 1636 3320 6300 6779 3762 8991 9535 9509 576 4169 
63 311 1165 1208 4886 9985 2623 801 1636 3320 6300 6779 3762 8991 9535 9509 576 4169 
67 311 1165 1208 4886 9985 2623 801 1636 3320 6300 6779 3762 8991 9535 9509 576 4169 
76 311 1165 1208 4886 9985 2623 801 1636 3320 6300 6779 3762 8991 9535 9509 576 4169 
79 311 1165 1208 4886 9985 2623 801 1636 3320 6300 6779 3762 8991 9535 9509 576 4169 
80 311 1165 1208 4886 9985 2623 801 1636 3320 6300 6779 3762 8991 9535 9509 576 4169 
83 311 1165 1208 4886 9985 2623 801 1636 3320 6300 6779 3762 8991 9535 9509 576 4169 
86 311 1165 1208 4886 9985 2623 801 1636 3320 6300 6779 3762 8991 9535 9509 576 4169 
97 311 1165 1208 4886 9985 2623 801 1636 3320 6300 6779 3762 8991 9535 9509 576 4169 
98 311 1165 1208 4886 9985 2623 801 1636 3320 6300 6779 3762 8991 9535 9509 576 4169 
