100
0 5534 4456 3652 3219 6500 2411 8176 4007 4972 2074 9750 2736 2384 2716 5066 7209 1045 4568 7756 8381 8378 7501 6689 3069 9328 2914 1933 3045 6136 2494 1107 1605 2580 2333 3054 4266 554 
1 4727 3185 6433 2111 1943 5319 5070 5944 2422 7443 9538 4877 3476 8074 7065 3665 6895 3369 1918 917 2571 1915 2531 1920 749 1787 7668 1901 7071 6628 1780 6191 1632 5311 1835 3198 1290 
2 4509 7735 6695 8509 6935 5629 2113 1289 9901 2799 9468 7519 8774 2085 8373 9434 9694 8741 4050 7811 7169 6515 7036 3407 3422 4999 3165 8374 3804 3095 9301 3106 3244 2264 968 
3 5435 6760 3981 7792 5582 7231 1366 5551 7156 2933 5817 4430 1577 1455 5872 9355 3339 3603 6745 8466 5848 3411 4138 8375 8733 2676 2258 3300 4018 1203 3153 2582 2717 2880 5957 2648 8643 4347 3097 554 
4 8723 4178 9703 4725 7356 1013 3404 1204 4795 6657 5248 1179 9290 4153 3169 1637 2510 1664 9974 1655 1139 5977 4495 2260 9946 2512 5034 877 9832 1640 9464 3767 7313 8955 2818 
5 6554 3217 5409 8546 7280 2596 8159 5208 3589 5614 4405 5256 3462 4805 9916 3195 9110 4381 4675 7215 6751 9883 4734 8175 3562 5938 8182 3651 9669 3849 1263 6698 
6 4953 8523 5536 5214 4114 3043 2851 8110 2281 3688 8108 5919 2174 6653 2845 2971 5806 2985 3173 6517 8906 6224 5540 8457 4705 823 1634 6386 5427 7051 8739 5666 8834 9933 8460 8751 1674 4977 
7 8262 1159 5828 4404 2495 4371 2767 2786 9289 4789 7194 6723 8312 4673 6675 2058 3255 6021 6208 4900 8278 8160 4208 2351 4483 9831 8195 4285 4847 1455 2615 4661 1224 3514 2402 1173 1310 1290 
8 3205 4346 4730 8028 7250 2838 7448 1553 6855 8189 7059 6046 3367 2796 8059 2357 2857 2689 4833 6422 4628 1327 7732 2573 1947 4554 8528 1206 1619 6711 2215 2270 2140 3747 3389 
9 5710 2386 5831 5450 3898 7412 2747 9119 3136 8884 4005 4457 6493 4355 7877 5771 7860 6106 4531 9259 7003 1565 6381 9864 5679 7143 2550 9071 5068 7392 2489 2923 6593 1812 6304 1790 2120 6729 859 
10 6926 7403 5571 8202 2018 9627 9867 6881 7808 3072 4330 8183 1727 4039 3466 2032 4471 9314 3602 4750 3549 2046 4310 4230 1453 4109 7964 6109 3297 5074 3071 2872 3477 6543 5926 708 2848 1737 
11 6624 4204 6274 1998 4267 7375 3204 5912 5485 1834 2547 2583 8327 3176 4538 2866 2870 3239 6271 7947 2366 4062 3255 9971 6960 1025 4091 4106 1952 1925 8139 3702 1111 1092 8185 3025 3457 6656 
12 7643 2192 9778 1929 5171 8638 6808 4557 9536 4678 6032 7434 5894 3558 5073 2588 5098 6068 1976 5595 7586 5833 9654 2802 4529 2382 2328 6432 7233 7936 7929 6178 3483 867 2153 
13 852 1451 3196 8130 8904 2175 4770 1577 2709 944 4348 1553 2188 6015 1499 9987 2663 3933 9799 1229 6434 9696 8908 1924 5280 2790 1645 1722 2922 2582 2603 2653 1951 
14 3986 3074 7796 5934 7336 6110 4352 2225 3527 4769 2279 9275 8417 6431 2784 4750 6759 3549 6830 9582 6570 4079 2465 3519 6158 2286 8299 5181 5177 7165 3162 3410 9559 4594 708 
15 9907 7585 2731 8568 9158 2101 7166 4409 7461 5101 9597 9192 1276 5704 4119 2519 9365 2252 3184 8535 4876 9153 4961 5825 7057 2338 6924 8787 7236 9776 7832 3154 5482 3774 4023 
16 1835 2857 9109 9118 3011 1022 9837 9280 1831 3698 7209 5484 1182 9441 9948 9918 4491 3054 5079 2166 2744 2316 2599 4027 7909 1189 1303 4416 8699 4937 1995 3471 5430 2712 2274 9543 2471 1762 2735 725 
17 4651 5227 2502 9174 4134 2382 5003 4486 7131 4634 5586 7891 9532 6934 4705 3904 3030 2803 6788 2131 5396 2884 7604 9141 1330 4202 7726 3721 8389 2905 
18 5789 3888 7618 9792 7184 8424 7984 6104 3233 6501 7100 9688 8123 5341 2834 6923 2808 5948 6596 6061 3104 4102 6202 4558 5148 3903 2040 6180 3410 7482 4883 5822 3688 1930 5381 1334 554 
19 8107 8878 5320 3760 5214 6048 7780 4872 5924 3840 4317 8970 5656 5586 6736 5781 3838 5267 2636 2457 5325 1739 5904 7406 2870 4978 1689 4909 3448 4940 
20 9825 7899 2772 6611 6651 5514 5191 2100 7833 7564 2723 4136 6852 2320 5826 4265 7530 3081 2714 2474 5047 4647 6934 8669 6095 3286 8258 4909 2137 2604 4056 3483 3238 6386 9969 2183 2448 8673 967 7048 2153 5526 2591 1290 
21 8687 7161 7770 7296 7114 4055 6507 7012 3556 6540 6067 4247 5461 2376 6742 2910 6432 4209 6608 5307 7282 9426 5618 3945 6556 4567 7663 3647 6260 3964 4737 5985 5482 8360 7242 1482 2264 
22 2989 7144 2606 4489 3122 4520 5734 7302 5827 9654 4108 9715 4588 4103 3726 6061 8667 3817 2778 2850 1559 4684 8143 7524 5229 4354 4170 2610 4988 1560 9916 7624 9517 
23 8909 7284 3545 7771 8952 5146 2149 6557 7525 7202 4951 7156 8307 1115 4770 3336 5613 1925 6008 6220 5382 1646 2188 9127 1059 9231 4195 5661 
24 6882 5078 4958 5384 5815 3744 8981 7191 991 1976 9736 5189 6138 3531 4128 9940 5581 7773 6963 8157 2393 7844 7237 7228 5428 5802 6734 5378 9329 873 5395 7987 8225 7864 708 
25 1965 2699 2269 4147 1448 8817 1984 2420 2770 6982 5024 1987 3081 3479 2310 2034 4544 3275 2466 4094 5636 6499 2571 7382 1999 5206 5049 5263 9205 6973 1888 583 
26 4387 2890 3247 5974 2130 4222 3115 6199 6603 8779 4983 5142 4045 6297 1485 4141 9856 5747 3519 6369 6339 4907 5297 6439 8868 7435 5426 1047 4813 9927 5983 9569 5954 1644 8152 4273 9542 8543 5959 725 
27 9334 4643 8337 8855 6780 3413 6112 1047 6660 8397 5780 6460 5216 2116 3451 4978 1633 7078 4673 7699 917 5169 1999 7856 6940 9013 5255 7411 2666 967 1580 5264 5313 5860 
28 2505 1003 5952 4199 5631 3129 5156 8468 6033 9407 7640 4124 5591 3993 5345 5032 9753 5924 8980 9289 4175 2994 5864 1918 9557 6607 2141 6903 2571 1999 2816 5603 2402 5051 1263 5921 
29 6992 3369 5273 7681 6285 6021 7566 1025 1731 6713 9161 7726 3315 939 7746 9931 8599 2975 4504 4600 8267 5010 3025 3156 4427 3469 5522 5031 1711 3085 4622 7109 1701 2339 3564 9894 554 
30 4473 4125 7369 7364 9969 7614 2647 5742 5210 8423 3298 2347 944 7252 5109 9631 6215 2277 3363 8654 8189 4150 1285 2341 1376 5560 4719 6169 1711 2325 2733 3913 9502 
31 8473 9848 8982 7612 7641 4671 4078 3368 9926 5053 1957 6815 5768 7110 5261 4831 1631 7444 2006 8058 4670 2197 4154 3697 9513 8721 4050 8507 1003 7759 867 6656 
32 4345 5168 4884 3530 9539 7264 4853 6851 5149 4679 8372 5260 8988 7491 6367 8893 9101 3999 4740 5598 3921 4556 3853 3436 8650 9943 5939 1248 4879 6631 8065 4712 4741 7622 6442 3071 4061 2486 3992 
33 7470 4042 4925 5465 8129 8118 3931 7376 3658 7972 5729 3113 3956 4529 4810 6086 9639 4845 2407 6833 2435 7866 6636 8931 8825 1760 1703 3679 5115 9716 1464 8420 3687 9207 3097 
34 9595 4055 8192 8430 4550 5443 4229 4591 4640 4354 9916 3454 2829 4174 5878 2823 2999 6486 4114 6524 3043 3207 3501 9635 8197 3859 8008 8899 3240 5781 7987 5699 5024 1878 9886 2153 1737 6604 1290 
35 8984 2954 8612 9713 4615 7717 9391 4622 3011 1585 3537 4428 4112 4357 4374 6077 3622 6059 3662 4410 5895 9392 4472 1016 9322 5305 9897 1440 1604 5823 4169 4710 1061 1122 918 7304 7378 3190 7709 4613 
36 5322 5049 2647 7421 1589 3718 7318 1682 2933 4523 1115 749 4047 4172 3328 2290 5545 1592 4553 2506 4964 6539 9500 6946 6767 4605 3639 2037 5754 2447 1650 1206 3405 1164 3497 
37 4701 3947 9961 3218 5332 3437 4309 4310 7751 9975 5969 2829 8694 6762 4147 7990 7545 6451 3985 7047 9467 3116 5576 3036 2248 3557 1949 1594 8360 2673 8100 6552 2680 8311 7557 6787 1482 2713 
38 2463 2173 3490 4694 4862 4981 4535 1779 1118 2824 1107 959 3622 1131 3449 9414 7852 4270 1602 7372 2797 3493 3291 9842 4394 895 6411 1321 9277 1303 9138 725 
39 3554 3401 5006 1929 7839 9194 3481 6294 8340 2323 4267 2229 8494 7358 811 4028 4367 5391 2589 3853 8300 8316 4232 7290 5849 3539 1578 7108 6446 9917 4147 4420 5705 1520 7104 4768 2177 5921 1671 
40 1047 2991 2281 1792 2830 1987 8797 3917 9532 2636 1540 8936 8332 2137 2454 7567 8407 917 2179 9786 2208 2351 3080 9664 8838 1348 749 1632 
41 2868 4353 4555 2727 9350 2570 5243 2381 3212 7017 9024 8183 5619 5089 2569 5885 2265 5133 3075 8048 7220 9608 3925 3752 2964 6513 9767 1751 5621 5676 1409 6867 2915 4591 8344 3248 1965 3882 5494 873 4728 2616 5659 554 
42 7031 6487 5220 6303 2944 4296 7994 9042 9577 5077 3585 4084 4379 8571 5153 3061 7430 4424 7360 9388 4186 9541 5044 5157 5837 8929 7397 7272 5772 8400 5298 4736 3248 5150 
43 5567 6310 1846 7760 1858 8608 6735 1285 7458 6047 3005 2896 5603 6964 6848 9884 3616 5653 5616 2037 1204 7337 9273 9571 2573 5763 5236 1619 1854 2438 1585 7862 3596 1951 
44 8966 5633 4127 2698 7192 6643 2176 7482 2238 1569 2906 6817 3269 2082 8906 8851 3877 6552 7509 2417 5628 823 1380 8942 3463 7402 7594 9439 7583 4065 4021 2707 5162 2179 4855 7959 2713 708 
45 4547 3475 8558 7479 2068 9219 6489 9804 4731 6490 4115 5237 7679 5340 6681 8166 8050 3155 9409 5761 4867 6959 2570 8823 2639 7848 6502 4687 5697 6388 2120 3999 7548 4309 7055 3470 1482 1310 
46 6397 6869 4842 7021 6654 5460 8385 8706 2361 6366 7841 4902 3381 7113 4185 5473 6453 5996 1565 2101 3872 4755 9864 5402 9731 4115 3848 5974 9031 6080 4814 5786 4583 2966 5542 3264 8177 4686 873 2208 1502 850 708 
47 7493 6393 4204 4392 4140 4038 9814 4806 7366 8481 5386 8531 8792 4471 6534 7087 7416 6148 5259 5618 8607 3139 4216 7636 5637 8135 2778 985 1425 8489 5072 4712 2040 3162 9823 2543 7354 7773 8719 8691 3621 3483 2208 
48 3550 4912 9880 2381 7558 7821 4247 4103 4246 5637 6403 3650 4879 5443 5998 5444 3742 2610 7716 3091 1965 1159 8203 3874 2393 6457 5845 4872 4061 4923 4828 3269 9739 6934 7223 6905 4252 4461 7492 3684 
49 6670 9230 9495 4276 4765 2032 5948 1830 2610 2238 4608 1569 5223 8030 9883 5437 4423 2259 2420 8589 8313 9531 8032 4280 1708 4582 3555 8785 3255 6962 1488 2884 6838 884 4358 5511 8450 1671 
50 5885 3377 6344 8864 8503 3113 8063 5601 1784 4022 8123 6688 3343 7357 7763 8839 4139 4074 3327 1970 3823 6158 5443 6791 2434 2426 4046 5969 4188 3656 
51 8618 8986 4946 3722 5095 6554 9610 4884 9361 7300 8845 5505 2642 2756 6566 7711 5717 2613 5053 4601 5542 1957 6851 5612 9365 4433 4677 7200 3576 6773 8513 2826 5501 2818 
52 5817 5407 7768 2623 4073 7063 7252 3587 5848 9081 4150 3675 2585 3411 1229 6539 2275 6919 5616 8273 2603 1022 2949 6161 2293 7995 2974 7278 620 2725 1561 4130 4277 1070 1597 
53 6845 4132 7241 6121 2814 7651 9268 3739 4865 2328 3667 2775 5415 5727 6868 9229 3102 8591 3964 5423 7299 873 1878 3965 9542 3810 8950 1144 8752 7056 3342 3267 4286 2645 2321 2313 4977 1224 9294 5150 4023 1495 968 
54 2390 9904 3026 2407 6595 2589 3934 2230 4787 2400 5058 9981 8219 5147 9840 9146 3117 8474 985 8165 3542 1834 9538 5583 6791 6207 6572 1159 9162 2426 4675 3971 5877 7891 5313 
55 7701 8754 8759 7680 9692 5164 1761 8436 5086 5352 3058 6877 4260 7531 7572 4439 8238 7370 4052 5245 9765 2230 3509 7833 8147 6526 3159 7018 3090 9438 9015 7125 1578 7293 6478 3948 3477 6809 8099 3244 
56 5117 7484 7978 7502 9915 5958 4516 2462 5735 3057 8843 3241 8548 4295 6172 6905 1910 7232 4572 3574 917 2520 5584 761 9786 9212 2500 1827 3416 7691 3756 1954 968 
57 3612 6269 4304 5650 3062 7075 3130 6364 9548 5577 4455 2367 7827 7430 6632 9010 7366 6928 4436 2864 7394 2782 6986 3820 2085 6692 6452 7281 3499 2120 2662 4312 2100 4124 5494 7042 5253 3807 2744 1495 9517 3975 968 
58 6104 1003 5543 2046 3422 2808 7274 6061 5297 1159 2719 4401 6715 4653 2686 6486 8343 4423 9512 4317 6111 4295 5312 3176 1739 2985 6517 9891 3353 5540 1540 4977 3514 2955 
59 6527 1972 6726 2736 4034 3372 9740 3920 2737 1118 6357 2494 2783 1385 1655 2237 6799 1781 5643 6135 684 3002 2027 3280 6335 9005 1940 828 1098 1186 1745 2043 8450 2485 2732 4936 5333 2060 2104 6238 
60 4327 2637 8898 2711 4538 5904 4373 9128 2669 4490 2089 4021 4062 5841 3981 4262 4047 6105 7746 7401 5975 2658 4194 3984 1617 9373 6818 9271 4569 5554 5661 1954 138 
61 9725 5656 4438 1291 6794 8490 5942 823 6011 7837 6536 3260 5445 884 4700 9332 7859 5301 3939 8713 3174 3568 939 5355 1111 5262 3480 9355 1441 3831 
62 6937 9755 9087 2642 4393 4424 3870 6502 4449 5550 7171 9285 6509 9637 8892 2808 4982 7375 4232 5912 8681 3619 2872 8319 1047 3431 1219 5123 2418 3971 8657 3970 3312 7323 5395 2969 5105 3232 2616 8734 7624 1310 
63 9486 6428 2788 8178 4764 8897 8885 5857 5770 7174 7121 2511 9560 6219 9396 5579 3709 7892 6101 6730 3111 5328 4406 5372 2467 4636 9616 8200 7772 7809 5405 6942 3991 4803 7461 3248 8402 
64 7189 9584 7860 8826 6117 2642 8005 6769 5590 8891 3798 9397 5451 8596 5692 8031 5474 2465 3830 5840 8165 2705 8004 6753 7800 9342 6672 6750 5954 1448 3713 4734 3049 6543 5253 3501 4645 1659 3369 2448 2616 9305 1737 
65 6390 8886 3976 5115 3509 7187 3677 1247 3542 9835 9592 5819 2040 8344 2610 3195 4124 2829 4492 1569 5320 5878 9995 9591 3656 7042 3985 5745 4200 9421 6459 
66 4775 7007 4709 4836 3118 5793 6468 5467 7868 3130 3486 7830 2945 2443 9781 6206 8447 9520 4814 7562 1812 6542 4696 2139 1289 4897 3278 6917 2761 6498 5413 3273 4744 7506 8012 7674 6933 1727 5319 3477 3767 554 
67 9824 8912 4356 6892 5362 2586 3732 8187 4983 5454 8208 7260 4019 4180 7752 4679 2569 6203 3892 3348 8541 8080 5593 4817 6830 3468 4845 6291 9962 7178 5147 1564 3467 1263 
68 4431 1943 6491 2265 4412 2784 5652 1703 4193 7074 7636 4959 5832 3903 6600 5286 4594 6356 7831 2637 6163 3740 7509 5022 8332 7342 2454 6896 1467 3574 2012 4101 5463 1888 3591 6459 
69 3392 5788 1455 1224 4964 3367 925 6169 1972 6767 1722 6686 7337 3242 1206 3334 4035 2925 6862 3464 8236 4428 2725 3490 3208 3372 973 3229 3169 1795 850 1826 583 
70 4676 4218 3454 2547 8853 2828 8030 3971 6351 4863 6048 4960 9505 6582 9090 4624 6111 2457 5434 6172 3451 5861 5364 6050 6723 7951 1708 4178 3829 4273 9372 6607 5385 4094 2425 4507 3514 1482 6698 
71 8151 4557 5655 4260 9143 4289 4365 3048 3953 5033 3695 6129 1470 6871 8060 3937 8898 9004 3567 6093 7406 1430 3237 1634 4273 8287 9663 8405 1589 8542 5418 4088 4656 
72 2595 4218 3402 6786 9206 8965 5721 4188 9868 7226 2815 4404 7961 5845 9512 7047 5216 9248 4056 3238 5427 3046 1144 5945 5817 749 1347 1553 2661 6063 3601 1492 5916 3748 2181 6190 1384 138 
73 3506 3725 8962 6114 3649 4437 8783 1003 9491 5050 7866 3818 9733 5132 2259 4645 7530 9589 4915 2895 2454 1875 5523 6327 9141 1366 7056 6518 8156 5028 1472 8423 1787 3702 4456 2909 2615 5659 3774 
74 8573 4958 6498 3122 4010 9573 2006 3261 9064 991 3636 7941 9993 4030 8296 811 6144 7211 8034 2230 5365 8016 4519 4652 5686 7518 5621 8520 9400 7390 3309 1518 5583 4938 5444 708 2848 5526 
75 8271 9148 3716 8338 6554 3902 4721 4002 6560 3247 6165 2554 9014 1661 3720 9665 2381 5955 7444 3058 3485 4008 6775 7816 4342 3846 5896 9565 6290 8864 4763 3452 2784 811 1003 3520 8180 3853 9856 6575 3204 9977 873 2707 1482 
76 7749 2734 9185 5946 1535 6040 8245 3468 6635 5415 4053 4588 5747 9767 1830 7290 3445 3780 7742 5082 6753 2176 4988 8705 1047 5824 3285 4608 3799 4653 6734 5494 3918 8224 5312 3849 
77 3045 6357 1139 8025 2398 5432 9710 6961 913 2378 3180 4098 1199 2533 2843 2942 3221 924 1122 1883 9890 4716 1374 618 3811 1202 3281 2336 1549 1373 495 1466 725 
78 3099 4766 8944 5245 7432 1559 8971 6180 5336 3806 6744 2704 3982 3994 4033 4072 4611 4049 1291 2855 1540 3275 1708 4572 5932 9912 2963 4834 1786 2179 1915 6760 3981 6333 967 3335 1502 6049 
79 1557 4828 1594 1856 7771 4546 1875 4834 7231 1961 749 3833 8279 3593 2127 2838 7962 5638 2950 4060 1048 5557 2280 1499 2506 2177 6279 3367 1240 9428 8059 8270 
80 7123 8682 6720 5231 4564 2760 7478 6483 6652 5892 7619 8217 2534 2893 7111 7389 2750 6482 9307 1043 9759 6568 9788 5925 5541 9183 2907 2640 9454 9628 5658 6068 1751 4805 6337 6347 3106 2060 1173 968 
81 7320 8728 2789 6120 6773 3754 3063 2865 4439 5461 7216 7813 3427 4318 3327 6944 3960 4851 2778 3677 3531 5138 6971 6842 4973 2766 6772 8094 2174 3812 3451 2604 5585 7117 1263 
82 7311 6239 2656 4123 3610 9252 4396 5750 7023 7677 8968 7528 7035 3993 6660 3545 4340 8899 1291 2417 6458 2124 6969 2179 8519 9653 4507 1124 3205 2661 2697 3457 
83 9876 4189 5016 6314 3341 5709 6721 3250 6883 9808 5078 6177 4078 3789 4592 1289 9649 6231 5309 8213 9587 6870 7928 8689 7631 9724 4303 5098 2412 2229 3244 2780 
84 9989 9469 5081 2921 6375 3636 8153 8036 5133 9925 5191 3347 5321 3752 6328 6639 2558 6868 8536 2263 4363 7270 6457 3143 6024 5987 9057 7042 9518 2420 3546 8282 6758 4210 6049 
85 6967 8422 7633 9529 8165 5998 3714 8899 1878 8409 2146 1243 6475 1467 4065 8703 4781 2520 5206 6021 2131 2036 7231 1348 9304 2017 749 7345 4187 5874 2290 9086 
86 3184 3259 3640 5883 9657 9514 9130 4486 4580 2906 6048 1306 2673 4518 3723 8978 9170 4110 3483 8942 2023 3046 2179 5445 761 2813 1580 4844 5669 1366 4483 1348 2175 4537 1930 
87 4105 4135 3360 8670 1219 8157 8749 4697 5304 4420 8860 7549 4985 4411 1692 6224 3275 823 4056 2466 3890 1392 4779 5463 4602 6252 761 2500 7368 4237 6790 2757 869 
88 2952 8017 5696 4988 5470 7870 3607 2257 2124 4904 1242 6680 8487 3260 5984 3496 6371 2194 7826 8281 8696 944 9135 2763 7582 4920 1013 4480 5659 4841 
89 6843 2782 7934 9998 6006 2662 3529 7637 3694 1654 6510 8886 9061 3644 5270 2982 4105 4218 3562 4340 3740 1297 2425 5511 867 1495 725 
90 4189 4469 4635 5866 7579 5989 4766 4442 3892 7216 6266 6823 3823 7274 4014 1425 4617 9538 5583 1560 1219 4046 6941 5067 3107 5428 3737 9347 2991 6700 9446 6607 2899 3457 
91 4996 3630 2367 7310 8290 8714 2242 9163 2390 5337 4633 2982 9078 2030 4967 8117 4290 3928 4877 2426 4327 7065 6582 1987 2470 3318 4575 2685 2905 3244 2591 859 
92 9354 4033 2963 3833 1505 6800 3305 2352 9211 3025 1305 1499 5859 9460 1968 2958 7486 1848 7447 2922 3940 8799 3334 1887 2648 1400 1930 1167 3537 3805 2223 
93 3133 6800 4332 3540 3955 7038 2419 8421 2181 4219 7495 2224 4501 3153 4804 4533 4016 2911 1683 1206 9351 5760 3284 9803 2497 1182 1045 3600 4568 1584 2924 7475 2809 3372 1597 554 
94 6776 7288 5521 4168 6154 8835 5119 7639 2734 1661 7635 8087 5477 9652 2631 2639 6502 5633 4260 2865 1784 8494 4022 7811 5451 1654 3413 2850 4907 4712 2286 1878 2985 6962 900 
95 3476 1644 9883 3937 3544 8952 5022 7415 3030 2012 7842 967 852 1025 8156 1124 2835 2017 4251 1347 4285 2194 1925 5744 6088 2816 3599 6951 2277 1048 9039 2858 3995 2383 1930 3199 
96 7175 1692 1594 1798 2213 3378 9875 5146 2553 1467 4582 7567 7872 5636 6903 8519 5720 2813 8160 1451 8752 7421 2036 5287 4288 9831 2807 9572 9805 6222 7151 2525 850 2614 
97 6341 7457 5708 7116 5202 3295 2936 7840 2636 8851 3093 9195 6621 1609 5582 5387 8057 6790 3385 1846 2354 2975 6096 5756 2370 3771 3711 7094 4194 3675 6062 3591 2780 5381 138 
98 6032 4074 6608 1970 7274 5074 5380 985 4692 8004 3145 1470 5765 3173 8349 9177 3083 4083 2541 4314 1787 7691 6008 3315 4730 5478 3480 6628 6656 2513 3097 3684 
99 3738 5573 3620 7379 4893 6228 5441 6798 5804 5936 6645 5115 4249 8868 5485 4135 8611 4400 8230 1578 1159 7869 3737 7224 8719 1557 1448 3146 3057 4751 5487 4745 3206 3409 8532 6772 4487 4061 3366 4118 5851 5313 4869 6402 850 
